146
7
360
120
20
0 0
1 12.0
2 6.0
3 16.0
4 3.0
5 6.0
6 7.0
7 6.0
8 14.0
9 5.0
10 11.0
11 3.0
12 4.0
13 4.0
14 2.0
15 8.0
16 3.0
17 3.0
18 3.0
19 3.0
20 4.0
21 3.0
22 4.0
23 3.0
24 5.0
25 4.0
26 2.0
27 5.0
28 3.0
29 9.0
30 2.0
31 5.0
32 2.0
33 3.0
34 3.0
35 2.0
36 2.0
37 4.0
38 8.0
39 10.0
40 15.0
41 2.0
42 3.0
43 3.0
44 3.0
45 5.0
46 4.0
47 2.0
48 2.0
49 6.0
50 2.0
51 6.0
52 2.0
53 7.0
54 19.0
55 3.0
56 4.0
57 5.0
58 2.0
59 7.0
60 5.0
61 4.0
62 4.0
63 2.0
64 6.0
65 2.0
66 4.0
67 2.0
68 3.0
69 3.0
70 8.0
71 2.0
72 5.0
73 2.0
74 6.0
75 3.0
76 9.0
77 3.0
78 9.0
79 3.0
80 2.0
81 10.0
82 16.0
83 3.0
84 2.0
85 7.0
86 4.0
87 2.0
88 5.0
89 3.0
90 2.0
91 11.0
92 5.0
93 18.0
94 3.0
95 2.0
96 3.0
97 3.0
98 3.0
99 2.0
100 4.0
101 4.0
102 2.0
103 3.0
104 2.0
105 19.0
106 20.0
107 2.0
108 2.0
109 2.0
110 2.0
111 4.0
112 2.0
113 4.0
114 2.0
115 7.0
116 2.0
117 7.0
118 2.0
119 5.0
120 4.0
121 2.0
122 4.0
123 2.0
124 5.0
125 2.0
126 3.0
127 2.0
128 12.0
129 5.0
130 8.0
131 22.0
132 2.0
133 3.0
134 3.0
135 23.0
136 22.0
137 2.0
138 4.0
139 4.0
140 10.0
141 4.0
142 6.0
143 2.0
144 2.0
145 5.0

0 377.0666715508489 1855.3180400240474 748.255687672917 191.48435681132315 434.9860252251641 75.6381124974804 1328.2258727428396 849.427443011032 513.4958181591954 763.7448886260618 609.6149938687126 350.5386200923487 582.2151130218024 474.4327159190859 811.7908833468197 471.7293206626306 674.6360017136461 556.2390251997657 910.5655459639106 711.0696890447213 477.4734525990365 244.27204191236754 543.4285741941052 245.8483257089522 581.20578860648 263.3841200041413 350.78046384986015 2056.3186168328284 1700.2289237875582 1981.0740063210094 2202.7414735519556 1354.6553651857964 2523.086531968009 2264.8817768154086 1261.595355513375 1677.785439330425 1959.0758441352748 1496.3458625678688 1994.00263257333 1566.821063198077 1714.7620143122763 1859.620618406068 1912.6292951021721 2456.0079711870694 1516.0269959298448 2131.5084950110117 1979.4174940428625 2074.8648757351416 1829.9079554383604 2629.5885590370012 2009.1305237908662 1960.388448529528 1140.878075061384 920.2688276846384 1202.0805525206206 1065.6716921569164 831.3609995093158 1877.2545626478711 1171.919953937303 1056.0193492032815 1034.0745715811552 2656.765946172589 2289.704306878717 365.7027702159079 539.3204756321551 197.7129044982259 262.56829421151 97.5718679259119 125.47799388985054 490.97372169599254 271.4917404578465 226.6515785725076 460.3821037449862 309.58747165540257 512.1420170851911 351.32839666664535 865.45458566593 403.3595631457936 325.0237112460762 457.9917193436202 791.3361256652703 274.21810376882775 505.28370742797955 430.5701481780944 374.84517108602455 907.1226486077352 614.4465422509218 543.3646600998425 530.0387268216678 1373.167101167463 713.8610492593854 1275.0256188214314 1257.9536432483853 694.5262168538786 1538.4279230295997 1688.86910187307 1213.6846850763222 945.2979448640945 1253.5781200660997 1505.3299147429345 1731.723301195936 1548.8227629036314 1655.1351130667008 1179.4321141958562 1063.112403039722 780.3648097412341 894.6298976636455 884.7968182499559 961.3691720009405 1017.5163231453246 1269.9474650875354 1559.6618717922963 1079.0276187878464 1212.7254228841864 1273.5710165673127 1095.5215365272609 1188.0754889636262 2147.36728154106 2134.0830904264576 2464.152703092387 2290.6703330336595 1859.2922070795562 1399.100026321439 2399.28945223128 2574.267627673114 2780.6460365474804 2424.3168269246326 931.4610587847583 357.6741413282801 403.5696236046754 697.7193790039029 1123.4824311865052 907.0166212320102 2611.0762138539994 911.1212834796604 893.0422940006661 560.3013966470878 2483.8223127819215 316.3436831156169 641.1661088273905 1010.9473716446811 2333.6786883394343 2371.41437381541 366.53571870953624 1612.9105253802818
377.0666715508489 0 1555.046061674298 371.26852916961 528.6482221703731 58.49118013824205 339.24717634014644 1042.506073867854 494.82139372810025 433.8116518583411 512.0695748779311 356.7004102781794 265.2044333607109 589.5998223096796 376.6134743531607 496.8064742336397 577.4516080518971 1027.8820000238597 218.31476454510002 814.4735930433881 1086.9008578200296 786.3167853055625 357.3724686000726 543.3792422544986 619.492340540806 893.2995018576647 610.1526066546185 672.4794397823607 1774.9093920316216 1443.967870155298 1784.630048374568 1932.1399766455318 1062.449043593718 2304.0879610247025 2003.9217193240959 936.1592060036658 1368.0758474397257 1671.6900648544788 1197.129097778162 1694.5435001635344 1222.6791625945218 1376.079266996579 1539.7094885728036 1606.039465265678 2166.8211642754522 1179.4608843789035 1816.6401065789216 1893.4889503751483 1930.520408525047 1715.091515632619 2497.7005386142164 1915.9231531157263 1802.779975420693 845.9457463469649 700.4948906911811 945.972362816469 1011.8669454237923 670.426386495158 1538.7728921812147 850.7499023338233 762.0631459709078 718.2788522285728 2467.3297557298965 2074.655075707246 133.18484090610562 301.8653495123066 180.00359881601884 297.91010209512217 283.02569831105563 444.93987656480726 170.41088267345603 258.7292893129571 151.2079037956437 520.7003647090099 362.2556711209517 552.4499808633309 572.4483237623027 495.7194051577296 593.8471871709098 566.0114514386927 496.7751241277348 1033.252084317578 189.57563259931746 133.8233329996858 783.0364028569982 744.1819149133023 1277.4441007795199 907.0524849066765 613.0769723717866 599.909137733785 1331.664249027826 564.2463996288374 1084.3114577590932 1120.0727460511948 756.094799036229 1423.8569849338435 1542.8375790796965 1013.3370361185297 802.6026377802688 1037.9132172336474 1344.7672079788745 1456.1124804284432 1242.7689559406328 1424.624074651008 1175.423539508454 708.267923903721 439.892517774211 987.5692878747667 887.2252621465885 1004.7849243615327 1097.4356856827974 1290.4862479725625 1534.8642021189344 883.1289838471216 1038.9290176911688 1082.4943969805345 935.23553799161 981.0214757195881 1930.3604685623736 1898.0523085592167 2156.221924987601 1972.0705148879808 1725.601935239227 1368.3256345187294 2113.5993488015342 2291.5522150678125 2471.9520476927696 2106.4772875997164 560.8873821868527 708.2987050068007 778.690008653019 333.04834657149485 1197.0195735913849 850.1106414608464 2299.5924157750464 589.1114416938025 589.5630916791974 474.2525072213147 2180.2120312495854 272.3383260237422 271.59373708389245 649.8398375106765 2162.595779247814 2241.103093175459 484.0668665131097 1375.7459274541832
1855.3180400240474 1555.046061674298 0 1290.694115399146 2042.8212147779736 1506.1120898058432 1785.0809341195811 528.8169733696427 1084.4350735078956 1393.7367477554094 1093.2516158941903 1245.7852214310747 1510.1128434438324 1447.9232843361945 1409.7734310220033 1059.0210042823921 2121.2975857992533 2277.1554424883475 1550.077618307967 1157.5224053739041 2447.5061513718183 1994.6140391190745 1655.1106616896814 1452.3587902994018 2086.3629603131512 2064.9942169684 1963.0496478685216 1955.3863760952045 254.1126827335647 313.304754804643 686.723824610356 427.6364729561899 500.73475333414143 934.7455805384873 523.3460310407131 629.622350183081 195.04234843330423 146.1183153735095 359.54768243679575 139.524473191122 468.07064591563926 352.0996358035358 155.64142137592157 72.91831480389294 614.4359561703316 450.8338198952468 295.90613461121484 1251.0742849017565 1008.3865859379362 1047.2429246357428 1445.6845177518874 1230.7573056345482 884.9017869389403 715.2655626281535 965.4892383346177 675.9519111265381 1209.7547731144568 1100.6652784097369 327.82496573137564 707.8108068328464 800.3876139175222 836.8467892935298 1186.2882104786952 769.123800977414 1667.5433107808028 1316.0629148340715 1687.6247013854427 1608.1290798056034 1790.044029017514 1963.4829605243328 1391.888626520535 1812.992657294401 1678.727108408414 1548.3137156102139 1914.278548847659 1510.8585613027365 1766.367280743036 1131.8045567558825 1727.4752776840437 1791.3412920244623 1525.2371471967033 1972.7889383360105 1582.2585273901059 1493.8681993065638 2284.493766850258 2216.345758856578 2566.024650839217 2027.1875136010867 2141.564211439487 2129.974860802497 1247.1664300180066 1198.0730590460455 761.5174426163394 925.5880562745263 1513.6580997257192 982.0944615094403 861.7217852635102 772.1651498242837 1053.7396880704466 709.3913347210984 792.5499298484807 200.55839905717912 312.7307241823604 455.51990298978086 1352.3499032963566 900.7563431146111 1119.3404735211604 1595.2889888999146 1372.885448248336 1472.6001324088315 1582.052169526611 1447.5516135804637 1354.731501081085 872.0114252639954 839.9420199268912 761.2715341767915 934.2710740133523 773.7753737048939 661.4171677919522 548.7264890940742 609.7699540703422 456.54831995401156 966.1984911916467 1290.8684560572913 565.2164564828829 744.1110798336242 925.8549561309002 583.3232932042338 1088.6450917221903 2035.6562152520378 2226.5138731715806 1246.68797609832 1587.1910201556586 1237.9968756997716 758.3861003608381 966.1995537932761 969.0286014373308 1358.844216118102 628.5360414715661 1820.209032921846 1433.7918884260334 971.7392761056981 1028.3826689761001 1263.1981243890298 2036.1939139782623 436.98674274366743
748.255687672917 371.26852916961 1290.694115399146 0 893.9704986143562 313.28642662416735 706.5148014684643 825.4672377024125 220.7368971194852 618.4496251931521 462.7598411365134 396.6508258984147 539.6862901106514 788.6143132495409 574.1975237747532 333.85308218122486 854.7313950613134 1385.6182142783578 266.6042086042634 871.9973475293331 1456.931060453576 1128.1516300247797 683.8272657458982 749.6331494587092 990.4039790660012 1232.8887282704632 972.0292561715527 1024.018453237632 1529.541767990525 1242.9904442931859 1643.1672833545042 1696.6646105798973 833.7282194319911 2122.203583479206 1778.7257143693114 662.1180467436589 1096.500733454604 1421.2915760529877 948.7486610484585 1427.5842920794685 903.1458526015457 1061.3636534119591 1248.5264254021517 1331.6704949881414 1903.9805255112371 873.497207660627 1526.7747721323915 1869.469670978258 1842.766517407878 1668.0462786813919 2408.087836562554 1883.4799654505696 1705.061759910119 635.232635516353 635.6323651473813 783.8333421093039 1081.548257323063 689.3074728273028 1221.2304239076957 592.3853652264992 566.0945642278574 488.80740076316147 2315.6663650728815 1902.5204339144889 429.10059568285953 407.4133798929382 550.774208447122 617.6983616345955 654.0895644291105 810.8974346201213 308.3027880221745 584.8819330794427 522.341121995246 772.9608083264088 670.6624712676227 783.8971998906027 893.9331959417283 159.40252746598148 899.3110747684957 895.96829331844 742.670987828788 1328.5283732417836 521.7546851562811 250.97600294172494 1147.3248690181101 1113.8434624850995 1643.6135100288334 1236.3749429285965 862.9081673113039 852.4650917190503 1382.6804520080645 629.1359627033208 994.4384745428931 1089.0265768893705 960.4154058258797 1393.1310932445433 1470.2438852382484 919.4399426174047 812.0150819596033 921.1853424464621 1268.1151286708407 1228.792943690429 981.7737072057363 1257.9514648099735 1274.7340005202784 392.99531279604247 238.7046114301326 1185.702908195985 1024.9089041039906 1162.1677648462892 1275.3361883466196 1402.6819348926672 1588.9888435903429 813.3698849315533 975.0267768588268 992.3655684851432 901.4044643698039 882.5128307343532 1759.8891316693496 1705.8184646796067 1870.2992649246335 1674.992388712255 1657.6194042440748 1427.1278472223114 1855.9059040093628 2034.779908341641 2181.724998754278 1808.7036658520449 212.5816856376229 1069.2724430438138 1149.7161109346757 126.88920181531304 1361.7163903882229 940.0468889821925 2007.6356955222523 375.7524963576882 416.3113957308974 636.3342306553458 1899.362789705069 575.5913899783257 146.01104169303113 323.69230200663037 2038.20869581156 2159.1799410420476 786.3389486093366 1203.285684988193
191.48435681132315 528.6482221703731 2042.8212147779736 893.9704986143562 0 586.806767441059 266.44569472225993 1516.7803478939404 1018.5433723223337 702.8699783199816 953.1824900698647 797.3212786872796 541.8212070749265 758.4465191838917 665.3731233841153 993.2001572855372 375.73923882034205 639.5759904404174 669.1584924778547 1094.679318579446 610.7469914000438 521.4252237893768 428.94358026174297 722.7063855105578 136.4749150961928 609.7585366343404 302.75806302002485 402.10935255940524 2246.211643615542 1891.3924774046693 2170.8615806262574 2393.4956397883852 1542.4800155087746 2713.8665182036443 2456.095403210677 1442.8746130004888 1863.4722514998077 2148.3166129794727 1683.4812798367757 2181.7706083609683 1742.6240576516816 1892.8873714667145 2043.4249812565101 2099.184088000934 2645.391029181937 1694.5838215805472 2316.7169104426134 2153.669326245935 2258.888566243155 2010.148761465965 2810.50369774421 2184.713278595413 2146.425537587302 1327.7284299844357 1111.6811307445987 1392.7709825643963 1240.932255307314 1021.8694891755484 2055.651038152747 1353.9741999058476 1242.6810566518936 1216.7740830439932 2845.2972373347234 2480.3969404195927 475.86256027398537 727.1513687917895 362.59303200136526 453.4452717851719 255.6099327926632 83.73601788965583 665.0952622322711 334.53395335699923 380.9781902772038 633.073473045064 307.7015781908787 685.5904360072348 481.60719754815096 1024.3675103633022 540.2597213729347 449.347252694677 635.1871623243314 863.1735476695668 460.659609261168 643.5227098972038 254.39132265165875 228.2266783971885 824.1525566549483 659.2969626896607 454.02149211382476 442.96875210747 1542.0489381981768 904.5435410885245 1465.5483274356557 1444.157194784331 852.9605552836462 1719.9693317167719 1874.2124225702858 1404.7311710569572 1133.9312010528654 1444.9748310483728 1692.924503853338 1921.8329079440757 1734.9526024525671 1846.5866936533387 1341.8675613265514 1232.886681458638 954.7048104556363 1034.8385804748498 1051.7202948569484 1115.465588636468 1158.374209051947 1424.2334535062914 1722.6742426986857 1270.145125308576 1402.3983725269825 1464.1151494945811 1284.676188732532 1379.3521997050348 2338.232639523016 2325.518503563006 2650.9427467065525 2475.2044207512067 2042.3900523834195 1565.2091154642794 2588.9954941590545 2764.323743451971 2967.4807701732416 2609.120639241906 1089.4656756589025 364.72915291120665 278.0227414540496 860.4119004739167 1263.8179926810926 1085.3783640277152 2797.307890159857 1091.7095136002845 1077.3085864108878 749.1595757283297 2671.340623080046 366.81611164670636 771.2276753822961 1176.925627311333 2520.6358677519497 2552.5963530911795 294.02212434309433 1804.3935682251506
434.9860252251641 58.49118013824205 1506.1120898058432 313.28642662416735 586.806767441059 0 394.9753536118346 997.3839229938397 439.4576543820946 440.9077709568441 479.83714293966784 330.44977809226583 288.6991730756738 603.7071609159369 384.50039556442704 450.3225107185669 619.6169383118396 1081.1653194619228 188.08412955647154 805.5483476317332 1144.103467504847 835.0571100179856 399.32418986922266 558.1652241161848 677.867964475706 941.6902202978881 664.2741966643032 723.5984615305905 1728.565361042891 1402.365586353862 1751.7567055416437 1887.2353781931536 1016.1091976018572 2266.624224320207 1960.4033886818559 884.5018209806997 1317.9803859939207 1624.5792753285177 1149.1379032159596 1645.5266789338882 1167.4932297299802 1321.5346984965922 1487.7750507999308 1556.049439288675 2118.819791647233 1125.4648342309615 1765.1625668542135 1877.9243990617022 1905.5665694102954 1695.5589143652535 2473.4682069398364 1899.1331562561797 1776.0832875703845 800.2057882280887 670.8694163281651 906.706305443543 1007.0942903076798 652.771922167527 1484.1166410790383 800.1539954324024 717.1052177309829 669.3912281904144 2434.204272811536 2038.180073170468 165.61381189862414 283.8957971771412 237.5056304632871 336.7464593599698 341.3956425204244 503.1297812459339 138.71990527910805 307.23759053188854 209.5926978117726 545.5254009875731 408.29925007124183 573.0059798079735 615.0342894204655 437.63968883170827 632.4826407421215 610.8097768446477 519.6601621435177 1071.6975113557078 229.86854699588255 86.6151646533706 841.1717401569745 802.6716539166808 1333.272755740028 952.9457394102833 650.2843993817169 637.4944029699793 1325.9006345112764 551.7703968935864 1055.624302060005 1100.1604813076362 773.6246574324598 1405.7077397134067 1518.9682831101036 983.5421404836304 785.6855107385057 1005.2113091162513 1319.4856381775191 1411.3147470275976 1193.5274879453927 1387.3370734399332 1176.8741571663243 652.1791983653524 388.12688841919885 1005.8278158594234 893.2437470166864 1015.4387028061909 1112.5173104259184 1294.7930611373629 1530.4935112632968 855.4376419597256 1013.5679256503189 1053.7583803033738 913.3145385389192 950.3185578216833 1893.860049396774 1858.6103719156033 2105.474436230755 1919.9205673531012 1703.0016294494503 1364.014961310952 2066.173238539299 2244.399105530005 2420.8941612116723 2054.34251043762 502.6590585626456 762.2491239642263 837.0186951990805 276.33336407488 1210.1969784183275 847.1798170062826 2248.238976918445 539.9699141946347 544.3780941342786 477.7764315516886 2130.0737744513526 315.2089977254822 220.67797914546887 592.8401903239395 2132.8578863451985 2217.607791254045 530.3105562385892 1337.5340685400718
75.6381124974804 339.24717634014644 1785.0809341195811 706.5148014684643 266.44569472225993 394.9753536118346 0 1257.3148534087045 792.9047351821711 437.869027928818 692.399535516597 540.2933434093172 277.1153049818972 510.5443877242093 399.00713637164614 747.0865707951808 531.7802918640847 691.3127069666936 535.8053404683537 835.8270219200541 751.0722006238402 468.5278232357796 170.77642215756498 470.6996497019559 305.848621030225 575.0832129790101 272.93250307597765 345.89645777233807 1984.0228451155997 1626.4826341135997 1905.4494483192773 2129.5202848968074 1284.3464789100938 2447.6343482591915 2191.018750917571 1196.1385681611466 1608.9633196511443 1887.3924878285807 1426.5202019617284 1923.5257190860339 1504.5221666767404 1650.908409123378 1792.032357617837 1843.0903768280614 2384.134577370182 1452.0736048346982 2062.8661293956084 1907.0394777381441 1999.9354472577625 1755.8983568731805 2555.3145717916937 1936.3580613927304 1885.0854564542294 1071.4959997696028 846.0848996090934 1129.0726782571535 993.4592090761048 755.8110863075664 1813.122313837326 1106.0444241739744 986.866680445931 967.943602267731 2581.150224264206 2214.223216489411 354.37219571562804 470.0999232832545 162.06495919704346 187.0810631422685 98.82493330984454 200.3866417941509 433.82535265270855 292.0489347200754 197.1797091377342 390.8686078722145 351.15397979152823 441.94038040198546 306.68048408495065 815.0919675706104 353.0432411987773 285.1590321673575 386.4730687268393 762.7162828843614 209.0436732452182 471.9304298954383 499.4207714376183 436.62980712793285 938.3315142620013 600.5898763143935 600.2809367849804 586.6250370638344 1302.7812801298744 638.3507537251505 1199.4901999014974 1182.6743445171205 629.6696416031413 1464.1443919494561 1613.7073418480898 1138.3397288015249 869.7002015154217 1178.5736986064476 1429.817631794216 1659.2593985810256 1479.7357794521936 1580.2560185682687 1111.519656593554 1005.3730435265591 720.754560142818 836.2352367387626 815.8142008305865 897.1059463031041 958.2927989706751 1204.8618649810248 1491.1006601370827 1003.7251738728286 1137.091316536744 1198.0405265188788 1019.8884619288522 1112.9068650224897 2071.944468087582 2059.1526725428535 2394.3180494128837 2222.445602718213 1784.5834605646492 1329.626680678437 2327.131852583979 2501.76512766588 2710.731645120954 2355.8776666135036 881.2573147391879 371.05146540897397 458.6853500706491 646.2664030705969 1064.0835864423725 833.9601242707076 2541.616347702075 846.7407351752314 825.9967882547627 484.71354114696254 2413.4468201529207 337.9030774835077 609.6620437678401 955.6793238838895 2258.2239828468137 2297.0987764167876 424.2919452047594 1538.3109150921423
1328.2258727428396 1042.506073867854 528.8169733696427 825.4672377024125 1516.7803478939404 997.3839229938397 1257.3148534087045 0 605.9009937465289 867.1064954786002 564.9850722469438 719.5406773778927 981.7106918035537 933.3846166066888 881.4036438554549 547.1862588199662 1616.8883030494583 1760.4991464939997 1067.0936396162726 680.2534087249404 1923.2679712473214 1476.090370588941 1126.3455754855129 933.3628527490238 1557.7784268780345 1551.6427317349269 1435.43641212168 1430.8187267958258 733.2298670130257 417.5242047741255 839.486077544868 889.8594891000841 39.44273134301439 1296.8793052082308 964.1575759557892 222.61315559760538 366.13158250317605 632.3277347646182 177.0531153707366 666.512546315001 424.27352934335926 497.9910444320107 559.2550090301198 590.054688894358 1129.3910452924515 345.153077403966 814.6436802722629 1203.0212951308245 1086.2546535444965 982.7944399673884 1631.5400962152955 1202.3493916099335 943.6997370617453 197.5073042885766 443.3432983003993 169.16429846299812 789.7293825112349 587.4248439484826 635.2220419047378 245.85188274580906 280.4516097525369 338.6907307174933 1496.9854539969467 1079.2038323298382 1161.9873520725446 789.6422161057585 1165.0448644475878 1079.4267932581606 1265.6026438321092 1438.3972246734625 875.1749623829447 1301.2007446238185 1158.4161343898386 1026.7177065389153 1404.5333328938784 992.1903163153833 1242.9391945248444 675.9771669567564 1206.7142450750816 1266.7836147871692 1002.2911622459063 1485.608261660617 1056.1740088923425 996.5992554212677 1756.5892242099103 1687.6488796392423 2049.253259958985 1518.244813663421 1643.923882730205 1631.6392713571267 939.9303121115471 675.8979603315365 385.96066807378776 568.3309635988089 1019.2294060364509 778.0136857442246 765.9872851614184 348.6366340400133 568.0759855595098 292.7143061630016 591.1920967287413 413.9509278539773 238.8420782171402 447.87682040461436 971.2076782164821 475.39572967794703 620.5739723239462 1137.607221779805 909.6502106806789 1029.9741320032447 1150.5479828986954 1089.7766497409293 1106.929861640773 392.95381411057076 439.145822300978 384.42317338368576 486.9653826115663 328.9791265317347 937.8396834302115 880.3536669214617 1138.5840841661836 976.269855130204 940.4687207222502 989.8179462661601 1074.1503460141316 1251.0745357652554 1454.5490736589159 1107.3427520380183 651.473315347317 1509.7779961659564 1697.7289447229732 756.0266660471602 1180.4521078164905 770.2726700626646 1287.0582028369506 463.9981395777813 453.1117789798111 833.9564650414989 1156.4350045184829 1312.5152328285765 958.7603804978221 540.7717679466342 1238.694680536275 1396.916578348264 1526.481689293736 391.01017081781964
849.427443011032 494.82139372810025 1084.4350735078956 220.7368971194852 1018.5433723223337 439.4576543820946 792.9047351821711 605.9009937465289 0 570.2560829872344 312.3110367644509 327.27267907839484 562.693430973955 725.6741860695032 542.5817893392378 151.52475362013058 1040.2696839235261 1431.3339344499552 466.5878598936589 723.5013493231063 1535.3007790119743 1156.6107047196908 722.3319471466853 695.5062967370187 1095.0688985397612 1255.369089371425 1035.7776274714165 1068.9787853320036 1318.1624011092101 1023.2756357696891 1423.1491157881621 1483.2766481345539 615.7054866750118 1902.1348525905516 1563.390251217016 455.2888640594046 892.1476722225877 1210.9783634084365 735.6747765120095 1222.7778026603037 728.0394885898512 882.3357818388738 1054.2023463145536 1129.498317762588 1698.858937307579 687.1026991176657 1332.5433045059635 1668.1562096780974 1628.1622673706436 1462.3366741176676 2191.9030857202624 1679.9356691141036 1489.4189488222378 414.53314316977037 450.38239346953225 565.1565177873076 927.8792439108441 537.5137657755021 1044.806746081599 378.60484917779974 346.19249197265566 268.2504718266674 2094.9562115074123 1681.9267868507432 591.4270419489488 374.3539470086435 657.0985321538781 658.4810435994023 764.9237157149801 935.0395662127964 359.1446950650799 743.4999525519479 637.7189203777922 746.1502269085962 840.0694701465878 742.0675607214062 911.1824086170595 97.59836478652917 901.9191423275287 921.3412594503791 714.8934380666469 1303.2995078532442 586.6338448419503 412.5372272780221 1272.1305582347147 1224.1856877301816 1704.91426840936 1246.8466741759642 1057.56617808761 1046.1565423296197 1212.2195749345778 509.5712375254069 786.037866696819 895.3448827955783 886.4131556193882 1194.2591198180232 1260.26029337204 711.522789921884 645.2644604127535 708.0744708616185 1059.0286167077777 1012.4314421996903 772.7690681654415 1037.3055843542543 1128.1879649240798 214.34963037336556 86.55090811562422 1095.9856345468074 908.0602013153986 1049.6095312053515 1170.1345045806604 1258.83751039087 1416.128443703582 615.6126412490115 773.9843474267051 783.9404884903508 712.5371772621535 674.2628069452203 1539.212427425582 1486.1066548831002 1674.7655819298307 1485.0809762605636 1447.3755641433931 1258.930739585219 1648.9467149268173 1827.851287684624 1988.8203701266532 1619.4251497178473 132.78944499791191 1128.270946623385 1251.0335426598417 165.34787084244397 1246.2460645809463 803.1537355431166 1815.407637836603 158.64768862010533 209.18137702969034 571.4589837480195 1701.4766449650529 744.4929614369 353.86067175504246 163.71313585139617 1818.8750324660061 1944.5883663160503 960.6877725381247 982.5711772673519
513.4958181591954 433.8116518583411 1393.7367477554094 618.4496251931521 702.8699783199816 440.9077709568441 437.869027928818 867.1064954786002 570.2560829872344 0 326.9763613697208 243.19793129906304 190.07361800150667 171.26523052186062 57.21779916528954 453.63617472272875 928.1264840443622 907.5736254185916 625.6037111934041 407.16692923066637 1057.0339373137783 622.654078085445 276.87242525166505 131.22930643286844 712.2150027965242 710.7410900828839 569.7841790647592 564.9100395183311 1574.8857196523632 1206.8023718304728 1467.9916786605688 1712.4794049263646 899.1304450497477 2011.9196982362441 1768.7003281098928 857.0563599652493 1231.0734775903793 1483.662428407526 1042.9490267670617 1529.1912333818614 1181.2007701218113 1311.9612750331537 1421.6692269404627 1456.813171728398 1976.8160939176275 1116.99731605088 1681.7498059271243 1491.3949429997563 1566.1477176534788 1328.8765787102623 2125.432143977558 1517.774338574722 1448.918528738867 701.2276210743723 430.23165974867794 720.8144905162545 588.3342894617828 320.43741985050565 1469.1663219556303 767.3324101174086 622.7840926395864 635.1550646461941 2143.2905267847136 1778.2902140291662 555.8848780141791 211.52827829307358 423.58041730141434 252.21354127062068 487.36087124111646 637.6858850634773 334.8161172560905 617.7357513078762 441.10721415463587 179.95691559275434 715.2738266151827 171.99185119645978 380.16273594864 640.0143724432666 352.9662382752074 401.4299709770844 149.6434982879946 733.048944253366 297.03440601605496 515.8352838545659 917.454572056648 837.7680295662472 1193.6856042990146 691.6083039517836 983.9197158577527 969.9317420776415 907.6823305892751 204.917158332818 763.4291272271856 747.1247962370536 344.46724097223836 1035.8381340670746 1178.6104898640872 704.7338564401437 431.9347305012355 748.7315255409674 992.464929926589 1250.484714230647 1101.6033431915487 1150.4724465368147 742.6504328597072 745.182213577697 483.7152073961862 574.5476073764172 453.51446099222017 574.7513678913467 675.1407326943369 856.679337703327 1107.7089177990208 571.0935486867904 699.5292470650834 762.0449002624736 582.0370464813001 681.4721571843421 1636.6070835985615 1628.2067658093276 2002.2760045497728 1843.3491765352944 1352.4980604608356 941.6215810236569 1917.8205907361648 2089.3572627466942 2316.8815440476783 1974.372187800856 697.0183582891449 642.723309354569 839.926346406714 500.32140773518495 770.6672878544842 424.81116504577176 2151.7059207663847 542.5288078125182 496.53680902788574 47.78328725116804 2017.2942563496986 652.5123813067989 614.6226768568886 721.1572458202013 1821.0910554997247 1867.1564848294224 820.6121770144343 1111.2484509666197
763.7448886260618 512.0695748779311 1093.2516158941903 462.7598411365134 953.1824900698647 479.83714293966784 692.399535516597 564.9850722469438 312.3110367644509 326.9763613697208 0 160.25687995276317 416.8626899273015 448.7275240548873 326.73745400006067 162.95728615561342 1086.9193744974425 1234.125193919856 608.9903269621902 414.82317693844806 1376.1003058223364 949.478675221613 565.0167836877051 429.35209748932823 993.1704411210089 1037.3871725176941 879.8343594885855 886.4712440155021 1293.0754364623938 943.7401729456243 1272.7286854023876 1442.0678272312382 592.7212593225295 1793.7637508682571 1507.8638595381753 530.8453735956552 920.5614562573168 1195.3369441034067 735.6972302917128 1231.397756070724 854.4244957801366 987.2584657828428 1107.5468267979381 1152.435238846828 1692.3149706432193 791.1526728023996 1374.2151185760092 1422.8305382376284 1429.3695661852205 1230.242221960421 1997.7079929846195 1440.2543666631523 1298.0545600454677 383.48718783452273 192.35294675348695 442.80941690586315 622.559357434343 229.13804374202192 1145.8880749742389 440.72877720934827 301.1204871253658 308.3356520691434 1955.3925285228254 1563.5153525655874 642.7474044785636 228.1497649258178 608.1321508638453 515.2997521410487 704.7130380361557 876.0575846231394 342.7556484157244 763.8179707054729 606.1983077030544 504.29067381816805 868.9215476695649 484.42669674601075 705.6217047280621 405.3264281028199 679.9250393968524 724.8243969731795 475.20041114155754 1037.1048729252213 493.44869522994867 510.3349335215036 1191.6093247755282 1123.3115183470256 1519.4284144559203 1016.1810924585039 1125.084467190858 1111.8627482877102 919.9438189447679 202.57829260866106 576.6755000606057 638.9348101882691 593.6457602827335 946.1505959941512 1045.1002401394626 503.9863058894924 349.2871426407235 525.9611783138607 843.9113125398986 968.9267914995027 790.8258798529231 914.8022721807075 820.1061063484449 438.3916168165365 239.69002666679043 791.2160775631747 596.5245186668666 738.3239684788422 859.9167424298006 950.0372324271452 1126.2294498494543 378.28918429351273 539.3052757587097 574.7745022057757 449.331608580139 470.50488385374274 1419.2950590405576 1390.9659843425904 1702.8646859257722 1534.8167431996767 1230.9097557812754 964.5800362731002 1635.8131155068843 1811.2635742029004 2019.0982156467312 1667.4772624984114 444.11656467689124 960.2430316199628 1135.1916178845222 339.68384103336837 934.2383364725138 491.49190158461687 1850.7410337664403 227.87678294952624 173.18621521758743 308.1036958513032 1721.3437184801467 783.1261085983747 536.680307792412 430.5296825917659 1653.065379086066 1743.1111714158071 988.7652561510355 867.4272235897001
609.6149938687126 356.7004102781794 1245.7852214310747 396.6508258984147 797.3212786872796 330.44977809226583 540.2933434093172 719.5406773778927 327.27267907839484 243.19793129906304 160.25687995276317 0 270.82011592749393 403.83243052882807 217.1201200693214 222.9674972837863 928.3056436511932 1122.254168711113 480.5825519784648 495.03356391247473 1247.269003082034 841.7927434296699 427.7314526727904 370.50218709853795 844.3251957495218 936.911075845087 746.5976724888735 764.9676501535282 1450.4491509219774 1103.7374285849776 1429.0300052248265 1600.989979122638 745.2365002352778 1953.0960267963994 1667.6087936015203 660.9225296504502 1068.6706675421235 1351.4703009016007 886.7316722797378 1384.5887087810788 977.5116117445049 1118.3513097071748 1252.2456584102247 1303.0634276258174 1848.6113410792334 919.9570887386395 1522.5748548412344 1551.0334015144488 1575.4232189991574 1365.93599363206 2143.175086837584 1571.1584026021505 1446.6735927961856 531.3306523699287 344.06622804937973 602.7917395566244 703.4525676115491 327.3871124291277 1279.410623582349 570.15506466687 446.5973969404153 432.2194696957405 2111.7002654696503 1722.422648424631 489.11476626051234 70.29479377354662 448.37575773505887 371.47768166155333 546.5140188218726 718.9151770456103 191.76042592064593 604.7922788732099 445.94678006648445 419.22749303063125 709.901382641015 415.16874368384634 595.0485978063376 398.1077431535737 580.0084886906104 609.1215789174192 388.02218986420286 976.1172300396745 336.6660570206339 374.3863377536494 1039.458507728114 975.0599920740726 1402.6119021684128 924.3189895512301 968.3374080351678 954.9750558822584 1016.3454379400489 241.08154469010356 727.6150574602415 770.7158949164307 571.1010934101022 1077.0826581262047 1188.5665196209072 656.7395914972082 460.008137125501 682.8080365831813 989.3762877531867 1126.9496330783852 939.4783544942158 1074.5223303301516 888.6314189052418 510.77824827357574 240.72721296995326 791.7420105744112 629.11875163332 765.6194689662665 878.8790180102478 1014.0267018107692 1222.843111135919 526.5209664965773 683.4160220530697 725.7962206429258 583.1487789294187 624.7263366714897 1578.2849328598684 1551.0929033172126 1854.5399173187327 1682.2325181247857 1372.5614422356998 1057.581541882251 1792.7083442015075 1968.741349947802 2171.0310770118062 1815.6060825133145 453.9990433030142 832.6819554158762 990.7745073978383 271.39398514451733 965.1849250355168 552.5617507184269 2001.5531634611389 320.1051815198039 288.818357027243 248.55554951001776 1874.3159366213035 625.5705237646953 430.41553799781343 481.086390548537 1805.9004402026187 1887.193664131544 829.2389285142923 1027.4933837861245
350.5386200923487 265.2044333607109 1510.1128434438324 539.6862901106514 541.8212070749265 288.6991730756738 277.1153049818972 981.7106918035537 562.693430973955 190.07361800150667 416.8626899273015 270.82011592749393 0 327.76570191447854 137.50542221799984 488.8281902017595 739.4657628738951 868.7925488425891 476.28485045459297 596.0131339396603 979.8741499945401 597.2566533726878 160.4710584400105 281.318421028705 576.3591057603222 699.1335267417704 478.48622205704305 506.2980250800467 1707.0572023138066 1349.6937974634404 1638.7178399591753 1852.4435591136587 1009.557654978773 2176.8793809354197 1914.3437580102277 931.7188831083594 1336.3312322407025 1610.8172095850518 1152.357081266109 1648.1983202598956 1247.1087297998713 1389.0217745418654 1521.5337325537787 1569.112166834831 2107.3846329760217 1190.5139913328192 1790.233873504307 1681.0546787372948 1749.659996280861 1516.3663145343894 2311.164695274937 1707.0742193245699 1629.7481612003717 798.5643473604749 569.9355306632013 851.9573954479129 777.9615099410927 489.39120185844484 1550.1980988071168 840.9676023317145 714.5910918730564 702.9833041139749 2317.690164756855 1943.9180981747033 375.2160207005338 202.78546086079714 234.05302110827728 100.71858109987579 306.6703534294691 468.9894333212588 231.42443494093195 427.68423529024784 251.0941463896545 256.95862937405883 525.4772442795528 287.2504185346963 356.19965499355516 607.4923086508958 359.7372239372807 361.9274446602006 231.9003219897575 793.3118500413633 106.96155686312295 373.1970286309826 775.234071642683 706.6542653946433 1142.9388917061217 698.2192140648582 794.1550479065439 780.1775364119927 1096.8568818866247 372.0339740332051 930.9987337072448 930.2359527095167 491.3348998919837 1223.2012405080807 1361.2767233193943 867.286573256953 611.3669743917418 904.9881903455614 1171.39438272839 1382.2378282018306 1206.7588536413393 1305.9009691227936 926.8559168955502 765.8402346339576 481.397902160021 722.4771742466951 633.1272814568302 744.1529581078377 833.327358141827 1036.7164107256965 1295.7282858078818 732.4815706307364 872.4681451809186 929.4530199260769 758.0105023129522 840.3903469021193 1800.9825343742132 1784.908635103925 2119.7191150211816 1950.4542392988303 1537.5347629136368 1129.9857751948061 2050.219460220962 2224.7107022940104 2435.960868141355 2083.4537453535527 671.6998823072634 567.8280206523382 720.4397513610121 443.9472067553408 933.9037804129464 614.4196947884653 2267.5152420509844 587.9907634977756 559.6269244550255 236.89789796279427 2138.137052357884 462.918112232073 494.67847863642476 725.5857562206921 1999.5573622447862 2053.0005820422093 632.5190781266036 1263.0046469842343
582.2151130218024 589.5998223096796 1447.9232843361945 788.6143132495409 758.4465191838917 603.7071609159369 510.5443877242093 933.3846166066888 725.6741860695032 171.26523052186062 448.7275240548873 403.83243052882807 327.76570191447854 0 222.55249153334395 596.3284327976428 1033.479977549295 829.2434965752161 790.6935426432703 347.40832773163106 1008.1007576513654 547.408543928165 340.26006104463505 46.4473095181833 736.5807295861822 618.3928889386689 558.7295482364991 524.0327160575605 1608.3853087241353 1230.6954267569654 1440.7260633512537 1734.4800365690817 968.8725803511223 1992.2216849799247 1782.2655609220835 959.9184324140562 1299.237372444208 1524.3334510549487 1110.2706369841817 1578.8914278928166 1284.4777553197446 1404.6802749278968 1492.623618179935 1514.6778470689007 2009.1160185354156 1215.3688556791597 1741.4144790795797 1397.2928429202673 1504.1886061322364 1251.9772365914098 2052.4281180618977 1427.359301828988 1396.512548378561 790.2808823358962 491.35479049726115 773.3346972539812 483.55699805738914 347.476799280986 1556.7717583406559 873.5528211576556 720.1550437537448 750.3492101325619 2103.3663884270895 1758.7802314256621 702.9313188273037 381.20132920846993 543.9586520218869 348.5276720286415 582.9694043660044 706.8483171067963 504.99992615051036 741.197959404727 568.7627638226238 126.7583768463201 830.6963830698932 75.01985763150844 335.69327528479835 801.5911892707712 286.7451564697854 366.46259296379486 124.22352233781729 588.3791972537756 427.8051204582611 682.0678313797445 941.1553021603784 851.1805665255634 1118.1368086124958 585.7926357899956 1095.9992789936005 1082.027225958813 792.8151134733312 265.10661512177217 756.4816374472902 699.0145385669217 173.28646898408275 962.8176891364384 1123.2194990536555 710.2306920412959 415.2789115503682 763.7278944149116 951.6411063891869 1288.544986402919 1172.0755766455331 1156.1582266079356 608.0041609372527 884.6377639478218 639.9009994551069 404.34176884304503 311.11605650647425 416.38831801025026 508.82423257523425 712.126333019293 984.3042878405962 586.0548502246672 683.0230178429784 755.4885638098682 563.69732659266 694.7618893312366 1620.5643021875017 1625.8013752953848 2049.9073710018642 1903.1715979367168 1286.5810559052572 821.0758530680067 1948.2095505467764 2114.8804608344085 2360.9632488994953 2031.2465765051763 855.6675926343593 610.0884438317318 840.4713442492474 668.7385107958893 607.45492182145 327.0667612239958 2200.2855700066616 675.6300962118071 621.6699412196793 155.2810682467071 2060.9766422766056 780.4761504521357 785.0903801499542 868.5564411830828 1772.7220387025725 1794.7028668567098 924.838463875575 1123.5985845193804
