51
1
360
120
20
0 0
1 6.0
2 6.0
3 3.0
4 2.0
5 3.0
6 2.0
7 5.0
8 3.0
9 3.0
10 3.0
11 2.0
12 3.0
13 4.0
14 4.0
15 3.0
16 10.0
17 15.0
18 4.0
19 2.0
20 16.0
21 3.0
22 6.0
23 3.0
24 5.0
25 5.0
26 7.0
27 2.0
28 6.0
29 2.0
30 3.0
31 4.0
32 3.0
33 3.0
34 2.0
35 5.0
36 4.0
37 2.0
38 5.0
39 2.0
40 2.0
41 3.0
42 2.0
43 2.0
44 6.0
45 2.0
46 3.0
47 4.0
48 4.0
49 6.0
50 5.0

0 261.7273512631751 767.8369443833399 771.2334719765829 600.5591371633127 66.36622967105201 620.2146498377782 184.812669419705 715.4174283233629 273.2553115186284 285.87452920035486 456.6881175180722 520.0611103782587 885.9951269950269 135.72764126344325 558.0032502741655 137.30105319701684 718.9505404953198 725.2668781065657 841.6537249478046 363.3184196516818 361.5545169581515 472.3048404513924 472.0093827456671 692.3637041231851 498.23941147187793 964.2793614080475 310.78671315310635 953.6610740941261 591.3331940207739 348.84206449191856 369.0028708639063 749.996714525857 553.0995820685113 437.6930890858955 391.5733198198462 401.54777461615976 328.1696900595169 307.51822160684674 486.020093760334 574.2571068613439 704.8188863957923 417.9566107952716 553.1330120774137 485.70421335843287 599.9496028678254 550.90949666643 405.7935749630887 530.7818775004596 884.2986065216847 561.5462424312054
261.7273512631751 0 528.8169733696427 530.5436110872596 394.47612581360585 254.1126827335647 686.723824610356 427.6364729561899 934.7455805384873 108.91630283533361 523.3460310407131 195.04234843330423 339.62228573004097 629.5130066537844 146.1183153735095 302.93887297504614 139.524473191122 468.07064591563926 476.6653682336591 584.4442503216698 218.27508064336544 614.4359561703316 246.87897476677347 311.44964426390175 470.4916769133677 520.1537253523653 707.8108068328464 362.6471760044046 1168.0078311948384 769.123800977414 144.9246113845891 200.55839905717912 513.6357851294271 455.51990298978086 575.8269794336417 548.7264890940742 609.7699540703422 456.54831995401156 565.2164564828829 744.1110798336242 677.7942932388996 925.8549561309002 583.3232932042338 607.3061711820197 554.1586267971634 671.329685489477 758.3861003608381 628.5360414715661 363.5716941946368 1028.3826689761001 436.98674274366743
767.8369443833399 528.8169733696427 0 10.499739648585614 589.6732172924734 733.2298670130257 839.486077544868 889.8594891000841 1296.8793052082308 495.45352120406324 964.1575759557892 366.13158250317605 629.1310404231174 186.4235451934309 632.3277347646182 390.813204691131 666.512546315001 424.27352934335926 442.63327907220923 403.2944055647829 641.2463555390474 1129.3910452924515 513.4878308956276 653.1157877011774 567.9337547698569 981.8185234212781 245.85188274580906 866.4634403543234 1501.1444869436946 1079.2038323298382 419.5592841272472 413.9509278539773 524.6084196114044 447.87682040461436 873.779010649279 880.3536669214617 1138.5840841661836 976.269855130204 1074.1503460141316 1251.0745357652554 1174.3604653588898 1454.5490736589159 1107.3427520380183 1079.8625462894718 1041.2419938931848 1149.17049262643 1287.0582028369506 1156.4350045184829 662.7392596743233 1238.694680536275 391.01017081781964
771.2334719765829 530.5436110872596 10.499739648585614 0 584.1856071604016 737.367063322672 848.9057129806786 894.8587299689183 1304.506916619808 499.2325828738206 969.8203419719899 365.34064073447905 624.9732669220213 176.33498743225732 635.8471497776558 386.39190109039095 668.6093565307764 416.44600448741 434.75690816038764 393.61893173637685 639.5820188103119 1132.772903952949 510.26262658415413 649.7352610298594 560.9970980839016 979.7736915798691 236.753514098592 866.1031732553517 1509.3753130646892 1087.3333678478455 423.35166010117143 419.1644943180345 516.6744266139027 457.31732328733443 881.6766846756545 887.7928119862586 1140.2813404245608 976.6320411507919 1077.8242602641653 1254.9675053898816 1173.280394656971 1456.3891668988738 1107.9989761873214 1077.9905291866773 1039.9342577540194 1147.386293550907 1288.5387677964004 1158.5547563840576 658.4929779803773 1248.1111159125348 400.40687839660245
600.5591371633127 394.47612581360585 589.6732172924734 584.1856071604016 0 621.7444509056241 1071.7118916105483 784.9423851717058 1312.0429721065543 487.1182133245534 885.7680862929221 310.4373680897113 95.40634830640695 566.3214318209604 528.2793908779469 205.83037454047462 466.1444509140426 220.31566812179622 211.47575160002205 350.8677590018201 243.98542545325216 880.7458776071173 150.1088273729966 151.49345735492463 101.2505548709567 475.9237695392296 628.4128664635186 458.5360486770129 1548.8478920614405 1160.3595648104483 471.3755958595214 532.0229180258679 181.40847939579413 775.0662830207766 970.1034830258907 941.2659204570018 794.0298235887408 584.7956269233765 851.1605766281328 1017.3346126626577 692.6567628450827 1088.7288509310183 712.4180301822773 572.7976461998852 560.818378405438 640.9938200306636 915.6494902877806 832.5364344625474 111.08941695176817 1422.737772063665 735.9645139181056
66.36622967105201 254.1126827335647 733.2298670130257 737.367063322672 621.7444509056241 0 557.1358316401929 173.57157818468747 690.5017411183047 239.00291689017277 270.01484848380267 444.3772049284882 547.2517225444965 861.6420465950225 110.02737155294642 556.8644948849479 157.9139532052482 721.2969594424185 729.1859054929215 838.4627995476783 393.6526039518751 401.9791428349898 485.1585161936694 502.94493559148765 708.968095671231 559.4868662106086 939.5577349666926 371.666261763409 927.105287178658 549.0905418992185 314.47537194026074 324.99404074373666 760.7726891926193 491.8720259650396 383.07295649568124 340.62306970523633 460.88845025802743 394.45717620662407 343.3076653553797 518.2927388055825 640.5816990224006 757.9329778806244 482.9712725836682 617.478615243109 550.5084160200399 665.4403761625744 608.8067743821767 461.27252781757295 561.4813327981167 834.909351658829 503.3929956982454
620.2146498377782 686.723824610356 839.486077544868 848.9057129806786 1071.7118916105483 557.1358316401929 0 529.2429604705183 553.6467719024462 585.4745740033497 500.4137699472704 784.9481304613228 1025.9122506922547 1023.2338852419425 589.2385729269129 921.2171921864674 684.4564256932035 1074.7428053261212 1089.5953526975813 1145.5017300925779 897.17551574605 800.9358096086378 921.6853589379783 997.3431910109196 1131.408765172344 1116.4239224277783 1085.0857768179626 928.6389739630534 702.8966825202367 323.04502391863525 605.4611635093764 550.6328307215867 1151.2127107669494 391.61151891667504 227.25755791177855 283.07822797874786 945.1359380851627 941.9235594210762 740.4822281683182 843.2304102825885 1184.2856420130065 1172.986091701726 1005.0698681516102 1173.1442105266847 1105.3016251223369 1217.6801287035023 1070.0882729859939 923.5400112009332 1050.289308954991 399.20865208955377 448.50002635216293
184.812669419705 427.6364729561899 889.8594891000841 894.8587299689183 784.9423851717058 173.57157818468747 529.2429604705183 0 531.3484320051343 404.12198244105707 101.06825481990275 617.3578086569888 704.8609856283164 1027.6771725998267 283.1542007906609 730.2078127906597 319.4839887771664 894.201003496932 901.7334325906792 1012.0300942211115 548.0121099001337 292.43082489898626 653.774236720269 656.4708425829415 875.6610187988872 640.9014963693309 1105.0604342725364 461.77189316166863 769.8352276403253 425.56422280424323 477.2771113201237 476.0279988035975 930.8502973844897 586.8874686948942 312.97069888189293 257.8051788582188 416.35324304372665 435.4003131396983 228.43531767814267 381.07140976764526 666.560046890646 670.1015847736459 478.9493110119539 676.5164460279295 607.3226799912645 710.434757364819 547.2660082832452 397.8926229308293 715.206123874211 729.0309527438963 612.2661161755699
715.4174283233629 934.7455805384873 1296.8793052082308 1304.506916619808 1312.0429721065543 690.5017411183047 553.6467719024462 531.3484320051343 0 878.2775897655978 430.787008670101 1107.1102118866504 1234.8694172809207 1464.1881102029258 790.0858916940675 1233.680132613722 846.2568782242856 1399.9550447881224 1409.8137127189007 1505.9254582658532 1078.6028218973138 606.9543643986336 1174.7894836356043 1187.42383630043 1399.1581334416744 1137.9516503605626 1536.364624448938 975.0264063657031 238.58945692175783 233.78375297419927 937.6578468870941 909.9836388903402 1448.0066048810002 879.4729705703892 424.9330006273432 417.5377912293872 794.8926283606489 914.8985882397616 579.7456867077045 550.9339879374693 1100.2411671629566 875.486635347634 900.8840957847805 1149.5716428290748 1083.4081967507548 1164.544140857237 853.1440922029041 750.5559224774167 1246.198685607838 383.61929975802434 929.2599807098916
273.2553115186284 108.91630283533361 495.45352120406324 499.2325828738206 487.1182133245534 239.00291689017277 585.4745740033497 404.12198244105707 878.2775897655978 0 489.9271349550228 229.1956153584513 441.688950557172 623.8881835940231 137.54930223017527 360.3395261124651 195.52065212944905 525.5795922596153 537.0299992622384 627.6504484952579 327.1357018701218 634.470976243745 337.02983234889257 417.6654845040584 553.3845553621518 620.4275478498594 701.5284403198774 452.75442922000514 1106.082165109252 695.9419755888308 75.89447324911649 106.15277843875874 585.4830235060095 350.22076540350065 494.6135365396984 475.0848788551078 660.4690135568403 532.0976257185678 578.7103272019502 755.7484492926624 764.7849307224814 971.9290479248863 650.8306787293155 703.6244129590068 646.8497806608216 765.2675269782842 810.9376902693159 671.8908923854937 467.6705236689537 940.0605563322376 336.59837291961765
285.87452920035486 523.3460310407131 964.1575759557892 969.8203419719899 885.7680862929221 270.01484848380267 500.4137699472704 101.06825481990275 430.787008670101 489.9271349550228 0 709.6795379110889 805.9285736876386 1109.7487464014287 377.5123913685858 826.2831569649434 419.9612938574156 991.1383938518826 999.1658609122535 1106.6992964558672 649.0704759699123 300.85023301291335 753.4958935293381 757.4749292646903 975.9893533799107 727.6818973754608 1186.365189072377 553.6423299342987 669.3610209054467 342.3372249140456 560.2543618290598 551.3596437041289 1030.10309207788 626.7589724204973 273.6563336878916 217.36617116221709 458.24260961935653 513.897368114114 241.95180339066036 354.02382809193386 733.0241269392912 673.5863790144864 537.9302612262302 755.5182820454895 686.7087173291511 783.7388071295221 572.4807727011591 429.9336586942415 816.1968069640928 649.7480865342604 659.3483625692385
456.6881175180722 195.04234843330423 366.13158250317605 365.34064073447905 310.4373680897113 444.3772049284882 784.9481304613228 617.3578086569888 1107.1102118866504 229.1956153584513 709.6795379110889 0 305.4536356230317 440.0798767144713 334.3725397653672 136.63235827551517 331.13355509713847 298.05730489932955 310.62331621141544 399.2630565399076 277.66877983409205 807.5772867963276 178.35301986320684 311.00624296636187 350.3774921912678 619.3047212030434 517.930236429854 501.10266053893935 1335.2704823214065 923.8081109728378 181.9913719531555 234.41000447293857 366.629538303362 465.32294299681945 720.1992209783673 703.4289602294022 788.7284505238525 614.2560624422049 759.6601538878405 938.4362679543616 808.3130513512723 1105.0285220033934 747.1282666654018 716.1893989452088 675.5658148440957 785.0016802718081 933.9786045086579 812.1502818578231 338.7877783673126 1157.6090089968666 425.5298527379152
520.0611103782587 339.62228573004097 629.1310404231174 624.9732669220213 95.40634830640695 547.2517225444965 1025.9122506922547 704.8609856283164 1234.8694172809207 441.688950557172 805.9285736876386 305.4536356230317 0 630.3764373620264 461.35194100581526 238.84686851073204 389.57194900175807 302.69927139683654 296.90032507004645 437.49108344983796 157.29782005868614 787.6181410242733 127.10935010381019 56.25068639966682 196.58864674267687 390.4553506870008 697.2877154039145 363.1365602051595 1472.6681412087173 1092.5671180994643 440.2726239821277 503.0392273200014 276.00169908908197 756.2988491040198 908.5166600799533 875.9998787419648 698.6262693971929 489.4716612708936 759.707669211012 924.0485075859629 605.3988463988068 994.039177350186 617.6001031087534 489.063068034442 471.87209325612315 558.3310983879512 820.7420983354095 737.2494392600469 34.08299890138889 1363.6633563485727 722.721643152584
885.9951269950269 629.5130066537844 186.4235451934309 176.33498743225732 566.3214318209604 861.6420465950225 1023.2338852419425 1027.6771725998267 1464.1881102029258 623.8881835940231 1109.7487464014287 440.0798767144713 630.3764373620264 0 754.3514263088322 402.81933312190057 768.5688165702537 358.4801758697441 373.87250599693704 281.4751121904523 686.4042718609815 1243.7016275721398 537.6136071167 667.9010235457464 513.9045498629351 1012.3816590906554 78.33448532325298 927.3335161659556 1674.4810892308758 1252.0318881026592 550.4922696167328 561.0871401440296 448.430263848738 632.0434151213357 1044.7600238641476 1046.6518935773922 1228.1528921982217 1046.9576830613935 1192.949790644933 1371.7853094215795 1218.998267726199 1544.0689998792961 1181.1073120397975 1112.014701269622 1083.6340558337677 1181.9909914925042 1372.1129708107226 1252.208085739329 660.9636352901017 1422.2827854051736 575.0222546100272
135.72764126344325 146.1183153735095 632.3277347646182 635.8471497776558 528.2793908779469 110.02737155294642 589.2385729269129 283.1542007906609 790.0858916940675 137.54930223017527 377.5123913685858 334.3725397653672 461.35194100581526 754.3514263088322 0 448.89549542632193 97.43141104732574 614.1872460233391 622.7355881536563 729.3864528902392 315.9881037746153 497.1418649421783 385.8680976003866 422.71740886817526 610.6682810406105 543.8744017357093 832.4712606585857 361.54598165919845 1024.522674576223 632.3691320407164 213.12433766345666 235.90555529984687 657.9645763550427 444.10137797762775 448.07080191560726 414.6797954476014 527.81253031631 418.6048806586179 442.0970624154353 619.8703650998211 660.457707649527 836.6312015107221 527.9316030075781 616.0094801673084 553.5014974087313 671.967492195584 678.2417357712833 536.6806345683339 479.7530178942435 903.8153679802207 444.0287516729515
558.0032502741655 302.93887297504614 390.813204691131 386.39190109039095 205.83037454047462 556.8644948849479 921.2171921864674 730.2078127906597 1233.680132613722 360.3395261124651 826.2831569649434 136.63235827551517 238.84686851073204 402.81933312190057 448.89549542632193 0 423.2899586204012 166.2764470613282 176.8144687163862 283.7477950488172 286.66989738056833 891.4939770593896 134.8167411948373 268.2708644679176 221.08605888863514 610.1789697940013 475.0291257084784 530.498627499444 1464.3086908906032 1056.2712843121888 318.4504032244303 370.5860593161467 230.06513273819175 591.081308561103 854.2633453895489 835.3410264536257 846.7349153455718 653.8988872680277 849.3786740737685 1026.0626180179333 816.2711358776653 1158.7877424621395 788.2366701270964 709.7704559413006 680.8850965260896 779.7644150090996 984.9647575425328 876.4427892521013 272.18366940845874 1293.9309739001278 546.8363373939079
137.30105319701684 139.524473191122 666.512546315001 668.6093565307764 466.1444509140426 157.9139532052482 684.4564256932035 319.4839887771664 846.2568782242856 195.52065212944905 419.9612938574156 331.13355509713847 389.57194900175807 768.5688165702537 97.43141104732574 423.2899586204012 0 582.5499652959212 588.4924646542024 706.9950246197093 235.83567155570188 476.4438494921654 335.11586882653586 345.0775863648261 556.1805723298559 447.2063945100326 846.8183861459179 267.17469955593197 1083.6017134502174 706.1208732606474 261.80404160429333 301.64359535840646 612.7579210915801 531.7980121903513 532.3075506132919 493.9846093255549 473.0849969449808 336.8335485701258 429.3668955003106 607.8148719706361 572.9013956250689 788.3008677284273 455.9253009154127 521.6784045174476 460.7556107656876 579.5266620164434 622.7009677900936 489.94623744451803 403.57821515799367 987.2996226135325 526.1393593359437
718.9505404953198 468.07064591563926 424.27352934335926 416.44600448741 220.31566812179622 721.2969594424185 1074.7428053261212 894.201003496932 1399.9550447881224 525.5795922596153 991.1383938518826 298.05730489932955 302.69927139683654 358.4801758697441 614.1872460233391 166.2764470613282 582.5499652959212 0 18.581190107553606 136.46255811026393 410.9645969126706 1041.3332524682373 259.2485579529426 352.1632507507116 155.42594678551882 692.7441264187825 413.91359893736364 650.6865598197703 1630.4602611819005 1221.3553634857828 479.0757376125402 526.5450298926809 100.54103459191677 724.974243101825 1018.236411318469 1000.6397757796867 979.9921615559313 777.4666243618366 1002.8069618929795 1177.2337214904835 908.0961910993155 1285.3184769394811 909.7115549186752 790.7894423032559 774.4408664353426 859.5876484639839 1111.107236538972 1013.7710614267614 327.2906829667209 1453.7674295511952 675.5086175420337
725.2668781065657 476.6653682336591 442.63327907220923 434.75690816038764 211.47575160002205 729.1859054929215 1089.5953526975813 901.7334325906792 1409.8137127189007 537.0299992622384 999.1658609122535 310.62331621141544 296.90032507004645 373.87250599693704 622.7355881536563 176.8144687163862 588.4924646542024 18.581190107553606 0 140.59082731981295 410.98086241399716 1044.1848454780054 261.4459283805639 347.7660155789885 140.65058424428017 685.9683421771193 427.6629632333476 648.8672947055619 1640.938517466977 1232.9669238352667 492.1877630859589 540.6704260412748 82.04530675499953 741.7502676247485 1030.4473712247543 1012.0919866704198 979.5956947851527 775.8204302801712 1006.5777207170472 1180.3105147652689 901.9005711470421 1283.4997159215336 907.5032776304145 783.5728815882164 768.731185094035 852.0884343579722 1109.375674807747 1014.0646621157017 320.1346172745918 1467.4165008753846 692.5940139509923
841.6537249478046 584.4442503216698 403.2944055647829 393.61893173637685 350.8677590018201 838.4627995476783 1145.5017300925779 1012.0300942211115 1505.9254582658532 627.6504484952579 1106.6992964558672 399.2630565399076 437.49108344983796 281.4751121904523 729.3864528902392 283.7477950488172 706.9950246197093 136.46255811026393 140.59082731981295 0 546.4751096051169 1172.2730768293538 393.11608609996205 488.06804253250743 269.04175603634013 826.2594658135414 317.32948258266305 787.0306856757591 1732.5846340403082 1317.5660608044861 571.4296648300437 610.1330180050064 188.09528405665887 775.3273505776815 1111.2987702932949 1098.7413356159705 1115.485145159043 913.7373681212878 1131.8220511623929 1307.601111183895 1042.3879359302018 1421.6086045966258 1046.1247715827685 923.5801972290253 909.3136603681027 991.8611377530095 1247.3761281630475 1148.6038884908062 460.4152113982461 1534.1002821752968 721.6437561121788
363.3184196516818 218.27508064336544 641.2463555390474 639.5820188103119 243.98542545325216 393.6526039518751 897.17551574605 548.0121099001337 1078.6028218973138 327.1357018701218 649.0704759699123 277.66877983409205 157.29782005868614 686.4042718609815 315.9881037746153 286.66989738056833 235.83567155570188 410.9645969126706 410.98086241399716 546.4751096051169 0 639.7435692299102 155.51766358364245 109.33678846300579 342.28856401695094 341.63753863296876 760.3562164544078 244.2495269347287 1316.6665623112196 941.7530028616025 348.7952585694868 410.34773785390627 412.3855176072629 668.6230116698142 763.6270738025951 727.9346680719855 569.0567706304814 369.20331541046494 607.9569949326176 776.4371365903302 535.631069396826 876.4562821314286 503.0586219330779 438.837953666887 401.16090078336975 507.9704196619216 702.2212682198608 603.0845561134108 168.0233866090663 1219.4053645103497 644.463325756921
361.5545169581515 614.4359561703316 1129.3910452924515 1132.772903952949 880.7458776071173 401.9791428349898 800.9358096086378 292.43082489898626 606.9543643986336 634.470976243745 300.85023301291335 807.5772867963276 787.6181410242733 1243.7016275721398 497.1418649421783 891.4939770593896 476.4438494921654 1041.3332524682373 1044.1848454780054 1172.2730768293538 639.7435692299102 0 782.7529500730434 731.923487544699 980.9186469274002 565.8768369549038 1322.0301210138005 444.1877433205086 826.97079160459 611.1337195423487 710.2256788146841 726.51666501205 1052.0223987561378 873.7431413716262 574.4823465880964 518.0800870993666 187.94119620357498 343.98811708958954 64.00750972008228 136.697068923662 494.6188510754138 378.25711552116604 297.1146356776197 556.749113079053 495.39895673064797 562.7257337701977 273.9587571541477 144.96337229242783 785.1780832852543 913.7156311984735 894.3130215884524
472.3048404513924 246.87897476677347 513.4878308956276 510.26262658415413 150.1088273729966 485.1585161936694 921.6853589379783 653.774236720269 1174.7894836356043 337.02983234889257 753.4958935293381 178.35301986320684 127.10935010381019 537.6136071167 385.8680976003866 134.8167411948373 335.11586882653586 259.2485579529426 261.4459283805639 393.11608609996205 155.51766358364245 782.7529500730434 0 139.8453356246628 224.80133635057797 476.09970678771435 609.7231923548305 399.54686599183697 1410.1003025582124 1015.544252914251 323.4563493823219 385.112663468387 277.7214823147967 633.8897646518802 822.5203211547075 795.453227652835 723.0214724358676 524.7170481541108 745.7564530522098 918.9332162554559 681.4564587951322 1031.7914207709584 658.5521923764403 575.5973063941426 546.0688767506994 645.5767182362736 857.5889760723899 755.5373397509793 160.58733344616516 1273.9047278636494 598.2891941067645
472.0093827456671 311.44964426390175 653.1157877011774 649.7352610298594 151.49345735492463 502.94493559148765 997.3431910109196 656.4708425829415 1187.42383630043 417.6654845040584 757.4749292646903 311.00624296636187 56.25068639966682 667.9010235457464 422.71740886817526 268.2708644679176 345.0775863648261 352.1632507507116 347.7660155789885 488.06804253250743 109.33678846300579 731.923487544699 139.8453356246628 0 252.73518015646852 345.79153655359687 737.1293842254095 307.2852607821258 1425.6065478784753 1050.7245172381017 425.5305771667018 488.5132227434907 331.3014907782156 745.3416557374829 870.7870141513641 836.1381272706807 642.6122791086906 433.85652105651724 704.7916218938332 868.2696431498689 558.0046868066988 939.2841825406683 562.7796370143859 445.2474659927743 423.4053123824023 515.0552573635928 765.745719893169 681.055041356956 58.78642103136463 1326.526433398843 715.3396172524161
692.3637041231851 470.4916769133677 567.9337547698569 560.9970980839016 101.2505548709567 708.968095671231 1131.408765172344 875.6610187988872 1399.1581334416744 553.3845553621518 975.9893533799107 350.3774921912678 196.58864674267687 513.9045498629351 610.6682810406105 221.08605888863514 556.1805723298559 155.42594678551882 140.65058424428017 269.04175603634013 342.28856401695094 980.9186469274002 224.80133635057797 252.73518015646852 0 568.1854836462729 568.2576766674255 559.619998896178 1634.7681993365431 1239.614704076966 526.0382196165585 583.0771548224475 85.22712108847475 811.836816135058 1044.633435790578 1019.1360359051058 895.1872717419152 685.691023913688 950.2327026917094 1117.5721779797786 785.4396472294886 1188.6451064716427 812.5892933318908 662.9637391324832 655.5731597858617 729.8305478255069 1015.8816658099952 933.785550524038 209.14571430721483 1493.3831519896332 767.9223455734649
498.23941147187793 520.1537253523653 981.8185234212781 979.7736915798691 475.9237695392296 559.4868662106086 1116.4239224277783 640.9014963693309 1137.9516503605626 620.4275478498594 727.6818973754608 619.3047212030434 390.4553506870008 1012.3816590906554 543.8744017357093 610.1789697940013 447.2063945100326 692.7441264187825 685.9683421771193 826.2594658135414 341.63753863296876 565.8768369549038 476.09970678771435 345.79153655359687 568.1854836462729 0 1082.5644186766444 187.82075190205782 1371.2697806908627 1066.205016484899 664.5331974532833 720.2981230665853 653.1577372223154 970.1048150540211 933.6709429723034 884.556931685066 408.84877257709036 225.11981934455477 569.3619149546087 685.9171745828563 217.25510033586153 648.6658108856075 297.17646797605187 99.63343705364639 93.4701623183696 169.6136680796481 486.56996211544515 458.06830567553664 365.8530277466754 1369.5492985918331 956.1070520402964
964.2793614080475 707.8108068328464 245.85188274580906 236.753514098592 628.4128664635186 939.5577349666926 1085.0857768179626 1105.0604342725364 1536.364624448938 701.5284403198774 1186.365189072377 517.930236429854 697.2877154039145 78.33448532325298 832.4712606585857 475.0291257084784 846.8183861459179 413.91359893736364 427.6629632333476 317.32948258266305 760.3562164544078 1322.0301210138005 609.7231923548305 737.1293842254095 568.2576766674255 1082.5644186766444 0 1002.3480529380171 1744.289065557828 1321.9412788179543 627.7870172870554 636.621337993298 496.86144023356525 693.5000873880122 1115.3448807079687 1118.9194695934361 1305.4935891025941 1122.827433756023 1271.270629173868 1450.098787468256 1291.0190100004636 1621.2138655461415 1257.1015392034906 1182.1560117730585 1155.6201532850355 1252.0550653298328 1448.9949488636628 1329.9319704261159 726.8971142142225 1484.2724716575424 636.7200034344634
310.78671315310635 362.6471760044046 866.4634403543234 866.1031732553517 458.5360486770129 371.666261763409 928.6389739630534 461.77189316166863 975.0264063657031 452.75442922000514 553.6423299342987 501.10266053893935 363.1365602051595 927.3335161659556 361.54598165919845 530.498627499444 267.17469955593197 650.6865598197703 648.8672947055619 787.0306856757591 244.2495269347287 444.1877433205086 399.54686599183697 307.2852607821258 559.619998896178 187.82075190205782 1002.3480529380171 0 1211.664580334449 886.9545753253959 506.5860482639886 556.9454978336585 638.470374976411 797.7790476078776 747.3907607478782 699.2611309739244 335.6666257804494 127.05128421310377 430.3875044852884 577.1550167058883 315.2510056470584 634.664676033773 259.35448860482205 254.59115658198772 194.34520201279247 313.06858460060135 460.50943751898615 375.6978169235434 353.28397553695135 1187.570681051023 788.9055633942736
953.6610740941261 1168.0078311948384 1501.1444869436946 1509.3753130646892 1548.8478920614405 927.105287178658 702.8966825202367 769.8352276403253 238.58945692175783 1106.082165109252 669.3610209054467 1335.2704823214065 1472.6681412087173 1674.4810892308758 1024.522674576223 1464.3086908906032 1083.6017134502174 1630.4602611819005 1640.938517466977 1732.5846340403082 1316.6665623112196 826.97079160459 1410.1003025582124 1425.6065478784753 1634.7681993365431 1371.2697806908627 1744.289065557828 1211.664580334449 0 422.4499690743336 1161.7332978869126 1129.3246480459513 1681.6435826084896 1067.7129672398523 630.1159063368823 634.8363008479657 1013.7360983394012 1147.045304016442 806.8349677282414 751.2004775487355 1321.4362977988128 1050.6297737616408 1123.8292164867514 1378.217021153082 1313.2432724995597 1389.147502478115 1054.809047164526 967.0153008988124 1484.3903544087973 389.9526753997152 1121.0010400582612
591.3331940207739 769.123800977414 1079.2038323298382 1087.3333678478455 1160.3595648104483 549.0905418992185 323.04502391863525 425.56422280424323 233.78375297419927 695.9419755888308 342.3372249140456 923.8081109728378 1092.5671180994643 1252.0318881026592 632.3691320407164 1056.2712843121888 706.1208732606474 1221.3553634857828 1232.9669238352667 1317.5660608044861 941.7530028616025 611.1337195423487 1015.544252914251 1050.7245172381017 1239.614704076966 1066.205016484899 1321.9412788179543 886.9545753253959 422.4499690743336 0 746.2557541887873 710.1203503346457 1279.4178913798935 651.2054909432069 208.22706387663547 221.13427534651507 788.0640780946655 855.7913088785122 563.5658190520936 607.134958154051 1073.7542405272175 948.2784165114672 876.6314279206505 1097.5371743390797 1028.6042971786705 1125.959498526494 882.7133972584618 752.9093960269428 1108.8883949186038 307.81145822054793 702.8020048202616
348.84206449191856 144.9246113845891 419.5592841272472 423.35166010117143 471.3755958595214 314.47537194026074 605.4611635093764 477.2771113201237 937.6578468870941 75.89447324911649 560.2543618290598 181.9913719531555 440.2726239821277 550.4922696167328 213.12433766345666 318.4504032244303 261.80404160429333 479.0757376125402 492.1877630859589 571.4296648300437 348.7952585694868 710.2256788146841 323.4563493823219 425.5305771667018 526.0382196165585 664.5331974532833 627.7870172870554 506.5860482639886 1161.7332978869126 746.2557541887873 0 63.00990362832963 548.110428448651 320.71508132554203 540.759874986854 527.3851795375234 732.1597203323271 594.8138414283923 654.5996803998247 831.6179932728046 821.2982519259358 1045.0340032624076 717.3366317253701 752.2221274502145 698.8461742267681 816.1927327715601 882.4354455024178 745.1411813242092 469.562075603748 975.619953809317 295.99519951357405
369.0028708639063 200.55839905717912 413.9509278539773 419.1644943180345 532.0229180258679 324.99404074373666 550.6328307215867 476.0279988035975 909.9836388903402 106.15277843875874 551.3596437041289 234.41000447293857 503.0392273200014 561.0871401440296 235.90555529984687 370.5860593161467 301.64359535840646 526.5450298926809 540.6704260412748 610.1330180050064 410.34773785390627 726.51666501205 385.112663468387 488.5132227434907 583.0771548224475 720.2981230665853 636.621337993298 556.9454978336585 1129.3246480459513 710.1203503346457 63.00990362832963 0 600.6062615071379 258.3757642228087 502.55161095167676 494.8007471694523 763.2232765108588 638.2447490476363 668.3012267321211 842.5446069658997 870.0584965614055 1072.4712229060785 756.5645064553031 805.8984863808439 750.5549708710378 868.6208163953446 913.7207831746615 772.5671779038071 532.48598653439 927.6327265123297 236.48613807634953
749.996714525857 513.6357851294271 524.6084196114044 516.6744266139027 181.40847939579413 760.7726891926193 1151.2127107669494 930.8502973844897 1448.0066048810002 585.4830235060095 1030.10309207788 366.629538303362 276.00169908908197 448.430263848738 657.9645763550427 230.06513273819175 612.7579210915801 100.54103459191677 82.04530675499953 188.09528405665887 412.3855176072629 1052.0223987561378 277.7214823147967 331.3014907782156 85.22712108847475 653.1577372223154 496.86144023356525 638.470374976411 1681.6435826084896 1279.4178913798935 548.110428448651 600.6062615071379 0 813.0122234955568 1080.0331785452713 1058.2969110182444 973.3443596433683 765.1520152970635 1018.6241407438397 1188.6968925239612 870.3962524041633 1269.9856729275 893.5841551605422 748.1500256701967 740.090150602802 815.0572917674948 1096.7432447879114 1010.716739202181 291.8826471521722 1522.948825786719 765.4304436211303
553.0995820685113 455.51990298978086 447.87682040461436 457.31732328733443 775.0662830207766 491.8720259650396 391.61151891667504 586.8874686948942 879.4729705703892 350.22076540350065 626.7589724204973 465.32294299681945 756.2988491040198 632.0434151213357 444.10137797762775 591.081308561103 531.7980121903513 724.974243101825 741.7502676247485 775.3273505776815 668.6230116698142 873.7431413716262 633.8897646518802 745.3416557374829 811.836816135058 970.1048150540211 693.5000873880122 797.7790476078776 1067.7129672398523 651.2054909432069 320.71508132554203 258.3757642228087 813.0122234955568 0 456.90550940792514 479.0087312098763 952.7496024415552 862.6917518336984 810.4374433486926 967.3297814906612 1103.7947589451753 1244.1465165991322 968.2072830955549 1051.121485169082 992.0028004798019 1110.7903700415911 1100.1552650265694 951.4651822535463 786.9621064798952 790.8192303379665 57.02942536841875
437.6930890858955 575.8269794336417 873.779010649279 881.6766846756545 970.1034830258907 383.07295649568124 227.25755791177855 312.97069888189293 424.9330006273432 494.6135365396984 273.6563336878916 720.1992209783673 908.5166600799533 1044.7600238641476 448.07080191560726 854.2633453895489 532.3075506132919 1018.236411318469 1030.4473712247543 1111.2987702932949 763.6270738025951 574.4823465880964 822.5203211547075 870.7870141513641 1044.633435790578 933.6709429723034 1115.3448807079687 747.3907607478782 630.1159063368823 208.22706387663547 540.759874986854 502.55161095167676 1080.0331785452713 456.90550940792514 0 56.70570302797379 724.4143258727512 741.9724376506784 514.8129926851225 617.151202140691 978.2903165114378 945.7286271112046 791.9012523399051 980.0043062158147 911.046598475314 1018.6323186505387 845.1305077685984 700.1793600090508 927.731006811528 455.78858617876557 505.12623647687883
391.5733198198462 548.7264890940742 880.3536669214617 887.7928119862586 941.2659204570018 340.62306970523633 283.07822797874786 257.8051788582188 417.5377912293872 475.0848788551078 217.36617116221709 703.4289602294022 875.9998787419648 1046.6518935773922 414.6797954476014 835.3410264536257 493.9846093255549 1000.6397757796867 1012.0919866704198 1098.7413356159705 727.9346680719855 518.0800870993666 795.453227652835 836.1381272706807 1019.1360359051058 884.556931685066 1118.9194695934361 699.2611309739244 634.8363008479657 221.13427534651507 527.3851795375234 494.8007471694523 1058.2969110182444 479.0087312098763 56.70570302797379 0 667.8938593041967 689.3235003244544 458.20600762548554 563.5444207599331 924.0110467074322 890.1848108102726 736.4498905255849 928.412393765787 859.3295848959613 965.7126272940449 788.467127384555 643.4812160151288 893.7550614863026 494.28723912415154 523.6675988828691
401.54777461615976 609.7699540703422 1138.5840841661836 1140.2813404245608 794.0298235887408 460.88845025802743 945.1359380851627 416.35324304372665 794.8926283606489 660.4690135568403 458.24260961935653 788.7284505238525 698.6262693971929 1228.1528921982217 527.81253031631 846.7349153455718 473.0849969449808 979.9921615559313 979.5956947851527 1115.485145159043 569.0567706304814 187.94119620357498 723.0214724358676 642.6122791086906 895.1872717419152 408.84877257709036 1305.4935891025941 335.6666257804494 1013.7360983394012 788.0640780946655 732.1597203323271 763.2232765108588 973.3443596433683 952.7496024415552 724.4143258727512 667.8938593041967 0 211.4885816168857 224.83186088025508 283.1300725248063 307.9704592867395 316.53830845795363 116.50820532345237 381.7524159277756 326.9893615786041 379.37800366207625 150.50724311420123 50.34601934865255 688.7678189483306 1093.864662303354 963.0117703441609
328.1696900595169 456.54831995401156 976.269855130204 976.6320411507919 584.7956269233765 394.45717620662407 941.9235594210762 435.4003131396983 914.8985882397616 532.0976257185678 513.897368114114 614.2560624422049 489.4716612708936 1046.9576830613935 418.6048806586179 653.8988872680277 336.8335485701258 777.4666243618366 775.8204302801712 913.7373681212878 369.20331541046494 343.98811708958954 524.7170481541108 433.85652105651724 685.691023913688 225.11981934455477 1122.827433756023 127.05128421310377 1147.045304016442 855.7913088785122 594.8138414283923 638.2447490476363 765.1520152970635 862.6917518336984 741.9724376506784 689.3235003244544 211.4885816168857 0 344.31089249338197 470.06311630179 246.18542734062842 507.8728022442874 134.42220682408924 241.77175876774893 172.82390971854358 276.7643676796185 333.6419922559782 254.75219403456657 478.1885325830934 1162.2401498948336 861.1615130448047
307.51822160684674 565.2164564828829 1074.1503460141316 1077.8242602641653 851.1605766281328 343.3076653553797 740.4822281683182 228.43531767814267 579.7456867077045 578.7103272019502 241.95180339066036 759.6601538878405 759.707669211012 1192.949790644933 442.0970624154353 849.3786740737685 429.3668955003106 1002.8069618929795 1006.5777207170472 1131.8220511623929 607.9569949326176 64.00750972008228 745.7564530522098 704.7916218938332 950.2327026917094 569.3619149546087 1271.270629173868 430.3875044852884 806.8349677282414 563.5658190520936 654.5996803998247 668.3012267321211 1018.6241407438397 810.4374433486926 514.8129926851225 458.20600762548554 224.83186088025508 344.31089249338197 0 178.9298931677288 522.2337510091769 441.9830812535799 322.3743193153949 571.3835529868815 506.6916598741975 584.8305131699843 330.53925592825925 190.24638558868472 759.8324997336325 869.042382412426 831.7184326369356
486.020093760334 744.1110798336242 1251.0745357652554 1254.9675053898816 1017.3346126626577 518.2927388055825 843.2304102825885 381.07140976764526 550.9339879374693 755.7484492926624 354.02382809193386 938.4362679543616 924.0485075859629 1371.7853094215795 619.8703650998211 1026.0626180179333 607.8148719706361 1177.2337214904835 1180.3105147652689 1307.601111183895 776.4371365903302 136.697068923662 918.9332162554559 868.2696431498689 1117.5721779797786 685.9171745828563 1450.098787468256 577.1550167058883 751.2004775487355 607.134958154051 831.6179932728046 842.5446069658997 1188.6968925239612 967.3297814906612 617.151202140691 563.5444207599331 283.1300725248063 470.06311630179 178.9298931677288 0 585.3399219503375 341.1442530159006 399.6141582948008 664.8269403900983 608.5039585464139 660.4871650213815 304.05898360955064 232.84577941226783 921.1594985935882 894.2911242340698 993.3221964488653
574.2571068613439 677.7942932388996 1174.3604653588898 1173.280394656971 692.6567628450827 640.5816990224006 1184.2856420130065 666.560046890646 1100.2411671629566 764.7849307224814 733.0241269392912 808.3130513512723 605.3988463988068 1218.998267726199 660.457707649527 816.2711358776653 572.9013956250689 908.0961910993155 901.9005711470421 1042.3879359302018 535.631069396826 494.6188510754138 681.4564587951322 558.0046868066988 785.4396472294886 217.25510033586153 1291.0190100004636 315.2510056470584 1321.4362977988128 1073.7542405272175 821.2982519259358 870.0584965614055 870.3962524041633 1103.7947589451753 978.2903165114378 924.0110467074322 307.9704592867395 246.18542734062842 522.2337510091769 585.3399219503375 0 460.05699176938856 199.86389930845831 127.88828613016734 135.39954679309398 82.63877024375775 320.8275471131916 356.04950880018805 582.1327582142467 1381.55438358748 1098.9456737296096
704.8188863957923 925.8549561309002 1454.5490736589159 1456.3891668988738 1088.7288509310183 757.9329778806244 1172.986091701726 670.1015847736459 875.486635347634 971.9290479248863 673.5863790144864 1105.0285220033934 994.039177350186 1544.0689998792961 836.6312015107221 1158.7877424621395 788.3008677284273 1285.3184769394811 1283.4997159215336 1421.6086045966258 876.4562821314286 378.25711552116604 1031.7914207709584 939.2841825406683 1188.6451064716427 648.6658108856075 1621.2138655461415 634.664676033773 1050.6297737616408 948.2784165114672 1045.0340032624076 1072.4712229060785 1269.9856729275 1244.1465165991322 945.7286271112046 890.1848108102726 316.53830845795363 507.8728022442874 441.9830812535799 341.1442530159006 460.05699176938856 0 376.50519426012266 581.4368252071629 555.2897987627503 541.7567907010189 174.26382547058486 300.0487749494308 979.5886088730161 1232.5365052984432 1260.2951632691424
417.9566107952716 583.3232932042338 1107.3427520380183 1107.9989761873214 712.4180301822773 482.9712725836682 1005.0698681516102 478.9493110119539 900.8840957847805 650.8306787293155 537.9302612262302 747.1282666654018 617.6001031087534 1181.1073120397975 527.9316030075781 788.2366701270964 455.9253009154127 909.7115549186752 907.5032776304145 1046.1247715827685 503.0586219330779 297.1146356776197 658.5521923764403 562.7796370143859 812.5892933318908 297.17646797605187 1257.1015392034906 259.35448860482205 1123.8292164867514 876.6314279206505 717.3366317253701 756.5645064553031 893.5841551605422 968.2072830955549 791.9012523399051 736.4498905255849 116.50820532345237 134.42220682408924 322.3743193153949 399.6141582948008 199.86389930845831 376.50519426012266 0 265.24453505626605 211.81733974173508 265.6357231541363 203.30093321102606 166.84666954395553 603.7315161882681 1184.2250868359404 971.6630652904377
